[seeta.jpg]
filters=PicnikTint=1,0.000000,ff12aaf3;sat=1,0.161800;
moddate=10f7fc327ed9d601
width=1021
height=320
textactive=0
[20201130_122613.jpg]
moddate=4f5b59bd83d9d601
width=810
height=456
text=1;185;64;Drone Imagery Showing affected areas  due to flooding in Ntoroko;Arial;0.005637,0.017306,0.055556,0.000000;v1,4294967295,4278190080,128.000000,1.000000,0.616822,1.000000,700,2,49152;;
textactive=1
